/*--------------------------------*Thien Phan*-------------------------------*\


| =========                 |                                                 |


| \\      /  F ield         | OpenFOAM: phanquocthien.org                     |


|  \\    /   O peration     | Files are generated by Thien Phan               |


|   \\  /    A nd           | Web:      www.OpenFOAM.com                      |


|    \\/     M anipulation  |         Angle: 15.000                            |


\*---------------------------------------------------------------------------*/


FoamFile

{

    version     2.0;

    format      ascii;

    class       dictionary;

    object      blockMeshDict;

}

// * * * * * * * * * * * * * * * * * * * * * * * * * * * * * * * * * * * * * //


convertToMeters	1	;



geometry

{

}



vertices

(

	(	0	0	0	)	//	0

	(	1	0	0	)	//	1

	(	1	20	0	)	//	2

	(	-19	0	0	)	//	3

	(	0	0	0.01	)	//	4

	(	1	0	0.01	)	//	5

	(	1	20	0.01	)	//	6

	(	-19	0	0.01	)	//	7

	(	21	5.435200	0	)	//	8

	(	21	20	0	)	//	9

	(	21	5.435200	0.01	)	//	10

	(	21	20	0.01	)	//	11

	(	1	-20	0	)	//	12

	(	1	-20	0.01	)	//	13

	(	21	-20	0	)	//	14

	(	21	-20	0.01	)	//	15

	(	1	0	0	)	//	16

	(	1	0	0.01	)	//	17



);






blocks

(

	hex	(0	1	2	3	4	5	6	7)	(	300	200	1	)	//block 1
	edgeGrading

	(

	//	 x-direction	expansion	ratio

	(

(	0.250000000	0.333333333	1.500000000	)

(	0.750000000	0.666666667	1.333333333	)

	)

	0.020000000	0.020000000

	(

(	0.250000000	0.333333333	1.500000000	)

(	0.750000000	0.666666667	1.333333333	)

	)

	//	y-direction	expansion	ratio

	(

(	0.010000000	0.500000000	19.307581793	)

(	0.990000000	0.500000000	9255.223141809	)

	)

	(

(	0.010000000	0.500000000	19.307581793	)

(	0.990000000	0.500000000	9255.223141809	)

	)

	(

(	0.010000000	0.500000000	19.307581793	)

(	0.990000000	0.500000000	9255.223141809	)

	)

	(

(	0.010000000	0.500000000	19.307581793	)

(	0.990000000	0.500000000	9255.223141809	)

	)



	//	z-direction	expansion	ratio

	1	1	1	1

	)



	hex	(1	8	9	2	5	10	11	6)	(	200	200	1)	//block 2
	edgeGrading

	(

	//	x-direction	expansion	ratio

	200	200	200	200

	//	y-direction	expansion	ratio

	(

(	0.010000000	0.500000000	19.307581793	)

(	0.990000000	0.500000000	9255.223141809	)

	)

	49.530451720	49.530451720

	(

(	0.010000000	0.500000000	19.307581793	)

(	0.990000000	0.500000000	9255.223141809	)

	)



	//	z-direction	expansion	ratio

	1	1	1	1

	)



	hex	(3	12	16	0	7	13	17	4)	(	300	200	1	)	//block 3
	edgeGrading

	(

	//	x-direction	expansion	ratio

	0.020000000

	(

(	0.250000000	0.333333333	1.500000000	)

(	0.750000000	0.666666667	1.333333333	)

	)

	(

(	0.250000000	0.333333333	1.500000000	)

(	0.750000000	0.666666667	1.333333333	)

	)

	0.020000000

	//	y-direction	expansion	ratio

	(

(	0.990000000	0.500000000	0.000108047	)

(	0.010000000	0.500000000	0.051793125	)

	)

	(

(	0.990000000	0.500000000	0.000108047	)

(	0.010000000	0.500000000	0.051793125	)

	)

	(

(	0.990000000	0.500000000	0.000108047	)

(	0.010000000	0.500000000	0.051793125	)

	)

	(

(	0.990000000	0.500000000	0.000108047	)

(	0.010000000	0.500000000	0.051793125	)

	)



	//	z-direction	expansion	ratio

	1	1	1	1

	)











	hex	(12	14	8	16	13	15	10	17)	(	200	200	1)	//block 4
	edgeGrading

	(

	//	x-direction	expansion	ratio

	200	200	200	200

	//	y-direction	expansion	ratio

	(

(	0.990000000	0.500000000	0.000108047	)

(	0.010000000	0.500000000	0.051793125	)

	)

	0.020189600	0.020189600

	(

(	0.990000000	0.500000000	0.000108047	)

(	0.010000000	0.500000000	0.051793125	)

	)

	//	z-direction	expansion	ratio

	1	1	1	1

	)

);





edges

(

	arc	3 2	(	-13.142135624	14.142135624	0	)

	arc	7 6	(	-13.142135624	14.142135624	0.010000000	)



	spline	1	0

	(

	(	1.000000	0.001260	0	)

	(	0.999758	0.001294	0	)

	(	0.999033	0.001396	0	)

	(	0.997825	0.001565	0	)

	(	0.996135	0.001801	0	)

	(	0.993965	0.002104	0	)

	(	0.991318	0.002472	0	)

	(	0.988195	0.002904	0	)

	(	0.984599	0.003400	0	)

	(	0.980535	0.003959	0	)

	(	0.976007	0.004577	0	)

	(	0.971017	0.005255	0	)

	(	0.965572	0.005990	0	)

	(	0.959677	0.006780	0	)

	(	0.953336	0.007624	0	)

	(	0.946558	0.008519	0	)

	(	0.939347	0.009464	0	)

	(	0.931711	0.010455	0	)

	(	0.923657	0.011490	0	)

	(	0.915194	0.012568	0	)

	(	0.906329	0.013686	0	)

	(	0.897071	0.014841	0	)

	(	0.887429	0.016031	0	)

	(	0.877411	0.017253	0	)

	(	0.867029	0.018505	0	)

	(	0.856292	0.019784	0	)

	(	0.845210	0.021087	0	)

	(	0.833794	0.022412	0	)

	(	0.822055	0.023756	0	)

	(	0.810005	0.025116	0	)

	(	0.797654	0.026491	0	)

	(	0.785016	0.027876	0	)

	(	0.772102	0.029269	0	)

	(	0.758925	0.030669	0	)

	(	0.745497	0.032070	0	)

	(	0.731832	0.033472	0	)

	(	0.717942	0.034871	0	)

	(	0.703842	0.036264	0	)

	(	0.689544	0.037649	0	)

	(	0.675063	0.039021	0	)

	(	0.660413	0.040379	0	)

	(	0.645607	0.041719	0	)

	(	0.630661	0.043038	0	)

	(	0.615588	0.044333	0	)

	(	0.600404	0.045601	0	)

	(	0.585122	0.046837	0	)

	(	0.569758	0.048040	0	)

	(	0.554326	0.049205	0	)

	(	0.538842	0.050330	0	)

	(	0.523320	0.051410	0	)

	(	0.507776	0.052443	0	)

	(	0.492224	0.053424	0	)

	(	0.476680	0.054351	0	)

	(	0.461158	0.055220	0	)

	(	0.445674	0.056027	0	)

	(	0.430242	0.056769	0	)

	(	0.414878	0.057443	0	)

	(	0.399596	0.058045	0	)

	(	0.384412	0.058573	0	)

	(	0.369339	0.059023	0	)

	(	0.354393	0.059393	0	)

	(	0.339587	0.059679	0	)

	(	0.324937	0.059880	0	)

	(	0.310456	0.059992	0	)

	(	0.296158	0.060014	0	)

	(	0.282058	0.059944	0	)

	(	0.268168	0.059780	0	)

	(	0.254503	0.059520	0	)

	(	0.241075	0.059164	0	)

	(	0.227898	0.058711	0	)

	(	0.214984	0.058159	0	)

	(	0.202346	0.057509	0	)

	(	0.189995	0.056760	0	)

	(	0.177945	0.055913	0	)

	(	0.166206	0.054969	0	)

	(	0.154790	0.053927	0	)

	(	0.143708	0.052790	0	)

	(	0.132971	0.051558	0	)

	(	0.122589	0.050234	0	)

	(	0.112571	0.048819	0	)

	(	0.102929	0.047315	0	)

	(	0.093671	0.045724	0	)

	(	0.084806	0.044049	0	)

	(	0.076343	0.042293	0	)

	(	0.068289	0.040458	0	)

	(	0.060653	0.038548	0	)

	(	0.053442	0.036565	0	)

	(	0.046664	0.034511	0	)

	(	0.040323	0.032391	0	)

	(	0.034428	0.030208	0	)

	(	0.028983	0.027963	0	)

	(	0.023993	0.025661	0	)

	(	0.019465	0.023303	0	)

	(	0.015401	0.020893	0	)

	(	0.011805	0.018434	0	)

	(	0.008682	0.015927	0	)

	(	0.006035	0.013375	0	)

	(	0.003865	0.010780	0	)

	(	0.002175	0.008143	0	)

	(	0.000967	0.005467	0	)

	(	0.000242	0.002752	0	)

	(	0.000000	0.000000	0	)

	)






	spline	5	4

	(

	(	1.000000	0.001260	0.010000	)

	(	0.999758	0.001294	0.010000	)

	(	0.999033	0.001396	0.010000	)

	(	0.997825	0.001565	0.010000	)

	(	0.996135	0.001801	0.010000	)

	(	0.993965	0.002104	0.010000	)

	(	0.991318	0.002472	0.010000	)

	(	0.988195	0.002904	0.010000	)

	(	0.984599	0.003400	0.010000	)

	(	0.980535	0.003959	0.010000	)

	(	0.976007	0.004577	0.010000	)

	(	0.971017	0.005255	0.010000	)

	(	0.965572	0.005990	0.010000	)

	(	0.959677	0.006780	0.010000	)

	(	0.953336	0.007624	0.010000	)

	(	0.946558	0.008519	0.010000	)

	(	0.939347	0.009464	0.010000	)

	(	0.931711	0.010455	0.010000	)

	(	0.923657	0.011490	0.010000	)

	(	0.915194	0.012568	0.010000	)

	(	0.906329	0.013686	0.010000	)

	(	0.897071	0.014841	0.010000	)

	(	0.887429	0.016031	0.010000	)

	(	0.877411	0.017253	0.010000	)

	(	0.867029	0.018505	0.010000	)

	(	0.856292	0.019784	0.010000	)

	(	0.845210	0.021087	0.010000	)

	(	0.833794	0.022412	0.010000	)

	(	0.822055	0.023756	0.010000	)

	(	0.810005	0.025116	0.010000	)

	(	0.797654	0.026491	0.010000	)

	(	0.785016	0.027876	0.010000	)

	(	0.772102	0.029269	0.010000	)

	(	0.758925	0.030669	0.010000	)

	(	0.745497	0.032070	0.010000	)

	(	0.731832	0.033472	0.010000	)

	(	0.717942	0.034871	0.010000	)

	(	0.703842	0.036264	0.010000	)

	(	0.689544	0.037649	0.010000	)

	(	0.675063	0.039021	0.010000	)

	(	0.660413	0.040379	0.010000	)

	(	0.645607	0.041719	0.010000	)

	(	0.630661	0.043038	0.010000	)

	(	0.615588	0.044333	0.010000	)

	(	0.600404	0.045601	0.010000	)

	(	0.585122	0.046837	0.010000	)

	(	0.569758	0.048040	0.010000	)

	(	0.554326	0.049205	0.010000	)

	(	0.538842	0.050330	0.010000	)

	(	0.523320	0.051410	0.010000	)

	(	0.507776	0.052443	0.010000	)

	(	0.492224	0.053424	0.010000	)

	(	0.476680	0.054351	0.010000	)

	(	0.461158	0.055220	0.010000	)

	(	0.445674	0.056027	0.010000	)

	(	0.430242	0.056769	0.010000	)

	(	0.414878	0.057443	0.010000	)

	(	0.399596	0.058045	0.010000	)

	(	0.384412	0.058573	0.010000	)

	(	0.369339	0.059023	0.010000	)

	(	0.354393	0.059393	0.010000	)

	(	0.339587	0.059679	0.010000	)

	(	0.324937	0.059880	0.010000	)

	(	0.310456	0.059992	0.010000	)

	(	0.296158	0.060014	0.010000	)

	(	0.282058	0.059944	0.010000	)

	(	0.268168	0.059780	0.010000	)

	(	0.254503	0.059520	0.010000	)

	(	0.241075	0.059164	0.010000	)

	(	0.227898	0.058711	0.010000	)

	(	0.214984	0.058159	0.010000	)

	(	0.202346	0.057509	0.010000	)

	(	0.189995	0.056760	0.010000	)

	(	0.177945	0.055913	0.010000	)

	(	0.166206	0.054969	0.010000	)

	(	0.154790	0.053927	0.010000	)

	(	0.143708	0.052790	0.010000	)

	(	0.132971	0.051558	0.010000	)

	(	0.122589	0.050234	0.010000	)

	(	0.112571	0.048819	0.010000	)

	(	0.102929	0.047315	0.010000	)

	(	0.093671	0.045724	0.010000	)

	(	0.084806	0.044049	0.010000	)

	(	0.076343	0.042293	0.010000	)

	(	0.068289	0.040458	0.010000	)

	(	0.060653	0.038548	0.010000	)

	(	0.053442	0.036565	0.010000	)

	(	0.046664	0.034511	0.010000	)

	(	0.040323	0.032391	0.010000	)

	(	0.034428	0.030208	0.010000	)

	(	0.028983	0.027963	0.010000	)

	(	0.023993	0.025661	0.010000	)

	(	0.019465	0.023303	0.010000	)

	(	0.015401	0.020893	0.010000	)

	(	0.011805	0.018434	0.010000	)

	(	0.008682	0.015927	0.010000	)

	(	0.006035	0.013375	0.010000	)

	(	0.003865	0.010780	0.010000	)

	(	0.002175	0.008143	0.010000	)

	(	0.000967	0.005467	0.010000	)

	(	0.000242	0.002752	0.010000	)

	(	0.000000	0.000000	0.010000	)

	)






	arc	3 12	(	-13.142135624	 -14.142135624	 0.000000000	)

	arc	7 13	(	-13.142135624	-14.142135624	0.010000000	)



	spline	0	16

	(

	(	0.000000	0.000000	0.000000	)

	(	0.000242	-0.002752	0.000000	)

	(	0.000967	-0.005467	0.000000	)

	(	0.002175	-0.008143	0.000000	)

	(	0.003865	-0.010780	0.000000	)

	(	0.006035	-0.013375	0.000000	)

	(	0.008682	-0.015927	0.000000	)

	(	0.011805	-0.018434	0.000000	)

	(	0.015401	-0.020893	0.000000	)

	(	0.019465	-0.023303	0.000000	)

	(	0.023993	-0.025661	0.000000	)

	(	0.028983	-0.027963	0.000000	)

	(	0.034428	-0.030208	0.000000	)

	(	0.040323	-0.032391	0.000000	)

	(	0.046664	-0.034511	0.000000	)

	(	0.053442	-0.036565	0.000000	)

	(	0.060653	-0.038548	0.000000	)

	(	0.068289	-0.040458	0.000000	)

	(	0.076343	-0.042293	0.000000	)

	(	0.084806	-0.044049	0.000000	)

	(	0.093671	-0.045724	0.000000	)

	(	0.102929	-0.047315	0.000000	)

	(	0.112571	-0.048819	0.000000	)

	(	0.122589	-0.050234	0.000000	)

	(	0.132971	-0.051558	0.000000	)

	(	0.143708	-0.052790	0.000000	)

	(	0.154790	-0.053927	0.000000	)

	(	0.166206	-0.054969	0.000000	)

	(	0.177945	-0.055913	0.000000	)

	(	0.189995	-0.056760	0.000000	)

	(	0.202346	-0.057509	0.000000	)

	(	0.214984	-0.058159	0.000000	)

	(	0.227898	-0.058711	0.000000	)

	(	0.241075	-0.059164	0.000000	)

	(	0.254503	-0.059520	0.000000	)

	(	0.268168	-0.059780	0.000000	)

	(	0.282058	-0.059944	0.000000	)

	(	0.296158	-0.060014	0.000000	)

	(	0.310456	-0.059992	0.000000	)

	(	0.324937	-0.059880	0.000000	)

	(	0.339587	-0.059679	0.000000	)

	(	0.354393	-0.059393	0.000000	)

	(	0.369339	-0.059023	0.000000	)

	(	0.384412	-0.058573	0.000000	)

	(	0.399596	-0.058045	0.000000	)

	(	0.414878	-0.057443	0.000000	)

	(	0.430242	-0.056769	0.000000	)

	(	0.445674	-0.056027	0.000000	)

	(	0.461158	-0.055220	0.000000	)

	(	0.476680	-0.054351	0.000000	)

	(	0.492224	-0.053424	0.000000	)

	(	0.507776	-0.052443	0.000000	)

	(	0.523320	-0.051410	0.000000	)

	(	0.538842	-0.050330	0.000000	)

	(	0.554326	-0.049205	0.000000	)

	(	0.569758	-0.048040	0.000000	)

	(	0.585122	-0.046837	0.000000	)

	(	0.600404	-0.045601	0.000000	)

	(	0.615588	-0.044333	0.000000	)

	(	0.630661	-0.043038	0.000000	)

	(	0.645607	-0.041719	0.000000	)

	(	0.660413	-0.040379	0.000000	)

	(	0.675063	-0.039021	0.000000	)

	(	0.689544	-0.037649	0.000000	)

	(	0.703842	-0.036264	0.000000	)

	(	0.717942	-0.034871	0.000000	)

	(	0.731832	-0.033472	0.000000	)

	(	0.745497	-0.032070	0.000000	)

	(	0.758925	-0.030669	0.000000	)

	(	0.772102	-0.029269	0.000000	)

	(	0.785016	-0.027876	0.000000	)

	(	0.797654	-0.026491	0.000000	)

	(	0.810005	-0.025116	0.000000	)

	(	0.822055	-0.023756	0.000000	)

	(	0.833794	-0.022412	0.000000	)

	(	0.845210	-0.021087	0.000000	)

	(	0.856292	-0.019784	0.000000	)

	(	0.867029	-0.018505	0.000000	)

	(	0.877411	-0.017253	0.000000	)

	(	0.887429	-0.016031	0.000000	)

	(	0.897071	-0.014841	0.000000	)

	(	0.906329	-0.013686	0.000000	)

	(	0.915194	-0.012568	0.000000	)

	(	0.923657	-0.011490	0.000000	)

	(	0.931711	-0.010455	0.000000	)

	(	0.939347	-0.009464	0.000000	)

	(	0.946558	-0.008519	0.000000	)

	(	0.953336	-0.007624	0.000000	)

	(	0.959677	-0.006780	0.000000	)

	(	0.965572	-0.005990	0.000000	)

	(	0.971017	-0.005255	0.000000	)

	(	0.976007	-0.004577	0.000000	)

	(	0.980535	-0.003959	0.000000	)

	(	0.984599	-0.003400	0.000000	)

	(	0.988195	-0.002904	0.000000	)

	(	0.991318	-0.002472	0.000000	)

	(	0.993965	-0.002104	0.000000	)

	(	0.996135	-0.001801	0.000000	)

	(	0.997825	-0.001565	0.000000	)

	(	0.999033	-0.001396	0.000000	)

	(	0.999758	-0.001294	0.000000	)

	(	1.000000	-0.001260	0.000000	)

)





	spline	4	17

	(

	(	0.000000000	0.000000000	0.010000000	)

	(	0.000242000	-0.002752000	0.010000000	)

	(	0.000967000	-0.005467000	0.010000000	)

	(	0.002175000	-0.008143000	0.010000000	)

	(	0.003865000	-0.010780000	0.010000000	)

	(	0.006035000	-0.013375000	0.010000000	)

	(	0.008682000	-0.015927000	0.010000000	)

	(	0.011805000	-0.018434000	0.010000000	)

	(	0.015401000	-0.020893000	0.010000000	)

	(	0.019465000	-0.023303000	0.010000000	)

	(	0.023993000	-0.025661000	0.010000000	)

	(	0.028983000	-0.027963000	0.010000000	)

	(	0.034428000	-0.030208000	0.010000000	)

	(	0.040323000	-0.032391000	0.010000000	)

	(	0.046664000	-0.034511000	0.010000000	)

	(	0.053442000	-0.036565000	0.010000000	)

	(	0.060653000	-0.038548000	0.010000000	)

	(	0.068289000	-0.040458000	0.010000000	)

	(	0.076343000	-0.042293000	0.010000000	)

	(	0.084806000	-0.044049000	0.010000000	)

	(	0.093671000	-0.045724000	0.010000000	)

	(	0.102929000	-0.047315000	0.010000000	)

	(	0.112571000	-0.048819000	0.010000000	)

	(	0.122589000	-0.050234000	0.010000000	)

	(	0.132971000	-0.051558000	0.010000000	)

	(	0.143708000	-0.052790000	0.010000000	)

	(	0.154790000	-0.053927000	0.010000000	)

	(	0.166206000	-0.054969000	0.010000000	)

	(	0.177945000	-0.055913000	0.010000000	)

	(	0.189995000	-0.056760000	0.010000000	)

	(	0.202346000	-0.057509000	0.010000000	)

	(	0.214984000	-0.058159000	0.010000000	)

	(	0.227898000	-0.058711000	0.010000000	)

	(	0.241075000	-0.059164000	0.010000000	)

	(	0.254503000	-0.059520000	0.010000000	)

	(	0.268168000	-0.059780000	0.010000000	)

	(	0.282058000	-0.059944000	0.010000000	)

	(	0.296158000	-0.060014000	0.010000000	)

	(	0.310456000	-0.059992000	0.010000000	)

	(	0.324937000	-0.059880000	0.010000000	)

	(	0.339587000	-0.059679000	0.010000000	)

	(	0.354393000	-0.059393000	0.010000000	)

	(	0.369339000	-0.059023000	0.010000000	)

	(	0.384412000	-0.058573000	0.010000000	)

	(	0.399596000	-0.058045000	0.010000000	)

	(	0.414878000	-0.057443000	0.010000000	)

	(	0.430242000	-0.056769000	0.010000000	)

	(	0.445674000	-0.056027000	0.010000000	)

	(	0.461158000	-0.055220000	0.010000000	)

	(	0.476680000	-0.054351000	0.010000000	)

	(	0.492224000	-0.053424000	0.010000000	)

	(	0.507776000	-0.052443000	0.010000000	)

	(	0.523320000	-0.051410000	0.010000000	)

	(	0.538842000	-0.050330000	0.010000000	)

	(	0.554326000	-0.049205000	0.010000000	)

	(	0.569758000	-0.048040000	0.010000000	)

	(	0.585122000	-0.046837000	0.010000000	)

	(	0.600404000	-0.045601000	0.010000000	)

	(	0.615588000	-0.044333000	0.010000000	)

	(	0.630661000	-0.043038000	0.010000000	)

	(	0.645607000	-0.041719000	0.010000000	)

	(	0.660413000	-0.040379000	0.010000000	)

	(	0.675063000	-0.039021000	0.010000000	)

	(	0.689544000	-0.037649000	0.010000000	)

	(	0.703842000	-0.036264000	0.010000000	)

	(	0.717942000	-0.034871000	0.010000000	)

	(	0.731832000	-0.033472000	0.010000000	)

	(	0.745497000	-0.032070000	0.010000000	)

	(	0.758925000	-0.030669000	0.010000000	)

	(	0.772102000	-0.029269000	0.010000000	)

	(	0.785016000	-0.027876000	0.010000000	)

	(	0.797654000	-0.026491000	0.010000000	)

	(	0.810005000	-0.025116000	0.010000000	)

	(	0.822055000	-0.023756000	0.010000000	)

	(	0.833794000	-0.022412000	0.010000000	)

	(	0.845210000	-0.021087000	0.010000000	)

	(	0.856292000	-0.019784000	0.010000000	)

	(	0.867029000	-0.018505000	0.010000000	)

	(	0.877411000	-0.017253000	0.010000000	)

	(	0.887429000	-0.016031000	0.010000000	)

	(	0.897071000	-0.014841000	0.010000000	)

	(	0.906329000	-0.013686000	0.010000000	)

	(	0.915194000	-0.012568000	0.010000000	)

	(	0.923657000	-0.011490000	0.010000000	)

	(	0.931711000	-0.010455000	0.010000000	)

	(	0.939347000	-0.009464000	0.010000000	)

	(	0.946558000	-0.008519000	0.010000000	)

	(	0.953336000	-0.007624000	0.010000000	)

	(	0.959677000	-0.006780000	0.010000000	)

	(	0.965572000	-0.005990000	0.010000000	)

	(	0.971017000	-0.005255000	0.010000000	)

	(	0.976007000	-0.004577000	0.010000000	)

	(	0.980535000	-0.003959000	0.010000000	)

	(	0.984599000	-0.003400000	0.010000000	)

	(	0.988195000	-0.002904000	0.010000000	)

	(	0.991318000	-0.002472000	0.010000000	)

	(	0.993965000	-0.002104000	0.010000000	)

	(	0.996135000	-0.001801000	0.010000000	)

	(	0.997825000	-0.001565000	0.010000000	)

	(	0.999033000	-0.001396000	0.010000000	)

	(	0.999758000	-0.001294000	0.010000000	)

	(	1.000000000	-0.001260000	0.010000000	)

)






);




faces

(



);



faces

(



);





defaultPatch

{

	name frontAndBack;

	type empty;

}



boundary

(

inlet		// patch name

	{

			type patch;

		faces

		(

			(9 2 6 11)

			(2 3 7 6)

			(3 12 13 7)

			(12 15 14 13)

		);

	}



outlet		// patch name

	{

		type patch;

		faces

		(

			(8 9 10 11)

			(15 8 10 14)

		);

	}


walls		// patch name

	{

		type wall;

		faces

		(

			(0 1 5 4)

			(0 4 17 16)

		);

		}


interface1		// patch name	

	{

		type patch;

			faces

		(
			(1 8 10 5)

		);

	}

interface2		// patch name

		{

		type patch;

			faces

		(

			(16 17 10 8)

		);

	}

);


mergePatchPairs

(

	(interface1 interface2)

);

// * * * * * * * * * * * * * * * * * * * * * * * * * * * * * * * * * * * * * * //

